0, 0, 10, 4, 100, 57.735026919
1, 0, 28, 11, 100, 57.735026919
2, 0, 43, 21, 100, 57.735026919
3, 0, 59, 30, 101, 58.3123771882
4, 0, 77, 32, 102, 58.8897274573
5, 0, 96, 32, 104, 60.0444279957
6, 0, 115, 32, 106, 61.1991285341
7, 0, 134, 32, 110, 63.5085296109
8, 0, 153, 32, 114, 65.8179306876
9, 0, 172, 32, 118, 68.1273317644
10, 0, 191, 32, 122, 70.4367328411
11, 0, 210, 32, 125, 72.1687836487
12, 0, 229, 32, 127, 73.3234841871
13, 0, 248, 32, 127, 73.3234841871
14, 0, 267, 32, 126, 72.7461339179
15, 0, 286, 32, 124, 71.5914333795
16, 0, 305, 32, 120, 69.2820323028
17, 0, 324, 32, 116, 66.972631226
18, 0, 343, 32, 117, 67.5499814952
19, 0, 362, 32, 125, 72.1687836487
20, 0, 381, 32, 133, 76.7875858022
21, 0, 400, 32, 141, 81.4063879557
22, 0, 419, 32, 148, 85.4478398401
23, 0, 437, 36, 155, 89.4892917244
24, 0, 455, 38, 159, 91.7986928012
25, 0, 474, 38, 160, 92.3760430703
26, 0, 493, 38, 158, 91.221342532
27, 0, 500, 49, 161, 92.9533933395
28, 0, 511, 56, 161, 92.9533933395
29, 0, 530, 56, 153, 88.334591186
30, 0, 549, 56, 162, 93.5307436087
31, 0, 568, 56, 168, 96.9948452239
32, 0, 587, 56, 172, 99.3042463006
33, 0, 606, 56, 172, 99.3042463006
34, 0, 625, 56, 169, 97.572195493
35, 0, 644, 56, 163, 94.1080938779
36, 0, 663, 56, 155, 89.4892917244
37, 0, 682, 56, 145, 83.7157890325
38, 0, 701, 56, 135, 77.9422863406
39, 0, 719, 51, 125, 72.1687836487
40, 0, 737, 47, 117, 67.5499814952
41, 0, 748, 57, 113, 65.2405804184
42, 0, 762, 64, 109, 62.9311793417
43, 0, 780, 59, 106, 61.1991285341
44, 0, 795, 63, 108, 62.3538290725
45, 0, 812, 68, 109, 62.9311793417
46, 0, 831, 68, 108, 62.3538290725
47, 0, 850, 68, 107, 61.7764788033
48, 0, 869, 68, 106, 61.1991285341
49, 0, 888, 68, 104, 60.0444279957
50, 0, 895, 56, 102, 58.8897274573
51, 0, 902, 40, 101, 58.3123771882
52, 0, 918, 34, 100, 57.735026919
53, 0, 937, 34, 100, 57.735026919
54, 0, 956, 34, 100, 57.735026919
55, 0, 967, 44, 100, 57.735026919
56, 0, 969, 62, 100, 57.735026919
57, 0, 969, 81, 101, 58.3123771882
58, 0, 969, 100, 101, 58.3123771882
59, 0, 969, 119, 102, 58.8897274573
60, 0, 969, 138, 104, 60.0444279957
61, 0, 969, 157, 106, 61.1991285341
62, 0, 969, 176, 111, 64.08587988
63, 0, 969, 195, 117, 67.5499814952
64, 0, 969, 214, 126, 72.7461339179
65, 0, 969, 233, 136, 78.5196366098
66, 0, 969, 252, 147, 84.8704895709
67, 0, 964, 270, 156, 90.0666419936
68, 0, 961, 288, 165, 95.2627944163
69, 0, 961, 307, 171, 98.7268960314
70, 0, 961, 326, 174, 100.458946839
71, 0, 956, 344, 174, 100.458946839
72, 0, 944, 359, 173, 99.8815965698
73, 0, 938, 376, 175, 101.036297108
74, 0, 938, 395, 173, 99.8815965698
75, 0, 938, 414, 169, 97.572195493
76, 0, 938, 433, 161, 92.9533933395
77, 0, 929, 449, 153, 88.334591186
78, 0, 912, 454, 147, 84.8704895709
79, 0, 893, 454, 142, 81.9837382249
80, 0, 874, 458, 134, 77.3649360714
81, 0, 866, 472, 126, 72.7461339179
82, 0, 854, 479, 120, 69.2820323028
83, 0, 842, 489, 113, 65.2405804184
84, 0, 827, 496, 109, 62.9311793417
85, 0, 811, 488, 111, 64.08587988
86, 0, 797, 491, 116, 66.972631226
87, 0, 787, 507, 123, 71.0140831103
88, 0, 784, 525, 128, 73.9008344563
89, 0, 775, 541, 135, 77.9422863406
90, 0, 758, 550, 146, 84.2931393017
91, 0, 739, 552, 156, 90.0666419936
92, 0, 720, 552, 164, 94.6854441471
93, 0, 701, 552, 170, 98.1495457622
94, 0, 682, 552, 173, 99.8815965698
95, 0, 663, 552, 173, 99.8815965698
96, 0, 644, 552, 169, 97.572195493
97, 0, 625, 552, 163, 94.1080938779
98, 0, 609, 544, 155, 89.4892917244
99, 0, 595, 531, 145, 83.7157890325
100, 0, 600, 525, 146, 84.2931393017
101, 0, 607, 513, 145, 83.7157890325
102, 0, 602, 494, 136, 78.5196366098
103, 0, 598, 475, 136, 78.5196366098
104, 0, 587, 463, 139, 80.2516874174
105, 0, 568, 460, 148, 85.4478398401
106, 0, 549, 464, 157, 90.6439922628
107, 0, 531, 471, 165, 95.2627944163
108, 0, 515, 482, 171, 98.7268960314
109, 0, 505, 498, 175, 101.036297108
110, 0, 493, 513, 174, 100.458946839
111, 0, 476, 518, 172, 99.3042463006
112, 0, 457, 522, 166, 95.8401446855
113, 0, 439, 529, 157, 90.6439922628
114, 0, 421, 527, 149, 86.0251901093
115, 0, 402, 524, 139, 80.2516874174
116, 0, 390, 513, 133, 76.7875858022
117, 0, 387, 494, 132, 76.210235533
118, 0, 378, 478, 126, 72.7461339179
119, 0, 361, 472, 118, 68.1273317644
120, 0, 349, 461, 123, 71.0140831103
121, 0, 335, 458, 123, 71.0140831103
122, 0, 319, 469, 116, 66.972631226
123, 0, 305, 466, 115, 66.3952809568
124, 0, 291, 469, 112, 64.6632301492
125, 0, 277, 466, 111, 64.08587988
126, 0, 263, 469, 108, 62.3538290725
127, 0, 252, 463, 107, 61.7764788033
128, 0, 238, 460, 105, 60.6217782649
129, 0, 220, 458, 103, 59.4670777265
130, 0, 204, 463, 103, 59.4670777265
131, 0, 194, 479, 103, 59.4670777265
132, 0, 191, 497, 103, 59.4670777265
133, 0, 195, 515, 102, 58.8897274573
134, 0, 206, 530, 101, 58.3123771882
135, 0, 220, 543, 100, 57.735026919
136, 0, 234, 556, 100, 57.735026919
137, 0, 250, 565, 100, 57.735026919
138, 0, 268, 567, 100, 57.735026919
139, 0, 287, 567, 101, 58.3123771882
140, 0, 306, 567, 102, 58.8897274573
141, 0, 325, 567, 105, 60.6217782649
142, 0, 344, 567, 109, 62.9311793417
143, 0, 363, 567, 114, 65.8179306876
144, 0, 382, 567, 122, 70.4367328411
145, 0, 401, 567, 130, 75.0555349947
146, 0, 420, 567, 138, 79.6743371482
147, 0, 439, 567, 146, 84.2931393017
148, 0, 458, 567, 152, 87.7572409168
149, 0, 477, 567, 156, 90.0666419936
150, 0, 496, 567, 158, 91.221342532
151, 0, 515, 567, 157, 90.6439922628
152, 0, 534, 567, 153, 88.334591186
153, 0, 553, 567, 147, 84.8704895709
154, 0, 572, 567, 140, 80.8290376865
155, 0, 568, 567, 141, 81.4063879557
156, 0, 549, 567, 149, 86.0251901093
157, 0, 541, 555, 156, 90.0666419936
158, 0, 541, 536, 162, 93.5307436087
159, 0, 548, 520, 163, 94.1080938779
160, 0, 564, 509, 156, 90.0666419936
161, 0, 567, 495, 155, 89.4892917244
162, 0, 575, 483, 149, 86.0251901093
163, 0, 593, 479, 139, 80.2516874174
164, 0, 609, 486, 135, 77.9422863406
165, 0, 625, 486, 140, 80.8290376865
166, 0, 640, 474, 138, 79.6743371482
167, 0, 645, 457, 130, 75.0555349947
168, 0, 649, 438, 121, 69.8593825719
169, 0, 651, 419, 113, 65.2405804184
170, 0, 661, 406, 114, 65.8179306876
171, 0, 679, 402, 118, 68.1273317644
172, 0, 698, 402, 120, 69.2820323028
173, 0, 717, 402, 122, 70.4367328411
174, 0, 736, 402, 122, 70.4367328411
175, 0, 747, 391, 127, 73.3234841871
176, 0, 749, 372, 136, 78.5196366098
177, 0, 744, 353, 147, 84.8704895709
178, 0, 752, 345, 150, 86.6025403784
179, 0, 771, 345, 146, 84.2931393017
180, 0, 782, 334, 147, 84.8704895709
181, 0, 784, 315, 154, 88.9119414552
182, 0, 779, 296, 161, 92.9533933395
183, 0, 767, 281, 168, 96.9948452239
184, 0, 750, 275, 173, 99.8815965698
185, 0, 731, 275, 175, 101.036297108
186, 0, 712, 275, 174, 100.458946839
187, 0, 693, 279, 169, 97.572195493
188, 0, 675, 286, 162, 93.5307436087
189, 0, 657, 293, 152, 87.7572409168
190, 0, 639, 291, 143, 82.5610884941
191, 0, 621, 292, 133, 76.7875858022
192, 0, 603, 290, 135, 77.9422863406
193, 0, 587, 295, 136, 78.5196366098
194, 0, 577, 311, 130, 75.0555349947
195, 0, 565, 326, 124, 71.5914333795
196, 0, 548, 335, 120, 69.2820323028
197, 0, 530, 342, 117, 67.5499814952
198, 0, 511, 344, 116, 66.972631226
199, 0, 492, 348, 124, 71.5914333795
200, 0, 474, 355, 132, 76.210235533
201, 0, 456, 362, 141, 81.4063879557
202, 0, 437, 364, 150, 86.6025403784
203, 0, 418, 359, 160, 92.3760430703
204, 0, 400, 352, 168, 96.9948452239
205, 0, 381, 349, 173, 99.8815965698
206, 0, 362, 349, 174, 100.458946839
207, 0, 343, 349, 171, 98.7268960314
208, 0, 335, 337, 170, 98.1495457622
209, 0, 323, 329, 167, 96.4174949547
210, 0, 304, 333, 158, 91.221342532
211, 0, 292, 325, 152, 87.7572409168
212, 0, 277, 317, 143, 82.5610884941
213, 0, 261, 309, 134, 77.3649360714
214, 0, 255, 292, 128, 73.9008344563
215, 0, 259, 273, 134, 77.3649360714
216, 0, 251, 261, 142, 81.9837382249
217, 0, 232, 258, 144, 83.1384387633
218, 0, 213, 262, 141, 81.4063879557
219, 0, 197, 273, 132, 76.210235533
220, 0, 180, 278, 127, 73.3234841871
221, 0, 161, 282, 120, 69.2820323028
222, 0, 143, 289, 114, 65.8179306876
223, 0, 135, 303, 109, 62.9311793417
224, 0, 135, 322, 108, 62.3538290725
225, 0, 139, 340, 110, 63.5085296109
226, 0, 150, 355, 109, 62.9311793417
227, 0, 155, 371, 110, 63.5085296109
228, 0, 150, 389, 114, 65.8179306876
229, 0, 138, 404, 120, 69.2820323028
230, 0, 128, 420, 126, 72.7461339179
231, 0, 121, 438, 130, 75.0555349947
232, 0, 114, 456, 133, 76.7875858022
233, 0, 107, 474, 134, 77.3649360714
234, 0, 104, 492, 131, 75.6328852638
235, 0, 93, 503, 133, 76.7875858022
236, 0, 90, 516, 129, 74.4781847255
237, 0, 82, 519, 131, 75.6328852638
238, 0, 70, 527, 132, 76.210235533
239, 0, 62, 523, 136, 78.5196366098
240, 0, 54, 504, 147, 84.8704895709
241, 0, 51, 485, 156, 90.0666419936
242, 0, 51, 466, 162, 93.5307436087
243, 0, 51, 447, 166, 95.8401446855
244, 0, 51, 428, 166, 95.8401446855
245, 0, 51, 409, 163, 94.1080938779
246, 0, 51, 390, 158, 91.221342532
247, 0, 51, 371, 150, 86.6025403784
248, 0, 51, 352, 141, 81.4063879557
249, 0, 51, 333, 132, 76.210235533
250, 0, 51, 314, 123, 71.0140831103
251, 0, 59, 314, 122, 70.4367328411
252, 0, 68, 308, 118, 68.1273317644
253, 0, 70, 289, 111, 64.08587988
254, 0, 70, 270, 106, 61.1991285341
255, 0, 70, 250, 105, 60.6217782649
256, 0, 59, 238, 104, 60.0444279957
257, 0, 51, 223, 104, 60.0444279957
258, 0, 58, 207, 106, 61.1991285341
259, 0, 54, 193, 105, 60.6217782649
260, 0, 43, 177, 104, 60.0444279957
261, 0, 39, 158, 103, 59.4670777265
262, 0, 39, 139, 103, 59.4670777265
263, 0, 49, 126, 104, 60.0444279957
264, 0, 67, 122, 107, 61.7764788033
265, 0, 86, 122, 112, 64.6632301492
266, 0, 105, 122, 119, 68.7046820336
267, 0, 123, 126, 128, 73.9008344563
268, 0, 141, 133, 138, 79.6743371482
269, 0, 159, 135, 148, 85.4478398401
270, 0, 178, 135, 157, 90.6439922628
271, 0, 197, 135, 164, 94.6854441471
272, 0, 216, 135, 170, 98.1495457622
273, 0, 235, 135, 173, 99.8815965698
274, 0, 253, 139, 174, 100.458946839
275, 0, 271, 146, 171, 98.7268960314
276, 0, 289, 153, 166, 95.8401446855
277, 0, 307, 155, 158, 91.221342532
278, 0, 326, 155, 148, 85.4478398401
279, 0, 345, 155, 137, 79.096986879
280, 0, 341, 159, 140, 80.8290376865
281, 0, 338, 172, 140, 80.8290376865
282, 0, 349, 187, 132, 76.210235533
283, 0, 354, 203, 127, 73.3234841871
284, 0, 365, 210, 126, 72.7461339179
285, 0, 384, 210, 125, 72.1687836487
286, 0, 403, 210, 123, 71.0140831103
287, 0, 422, 210, 125, 72.1687836487
288, 0, 441, 210, 135, 77.9422863406
289, 0, 460, 210, 145, 83.7157890325
290, 0, 478, 205, 155, 89.4892917244
291, 0, 496, 197, 163, 94.1080938779
292, 0, 514, 189, 169, 97.572195493
293, 0, 532, 181, 172, 99.3042463006
294, 0, 550, 173, 172, 99.3042463006
295, 0, 568, 165, 167, 96.4174949547
296, 0, 575, 150, 161, 92.9533933395
297, 0, 585, 137, 160, 92.3760430703
298, 0, 603, 133, 162, 93.5307436087
299, 0, 622, 133, 160, 92.3760430703
300, 0, 641, 133, 155, 89.4892917244
301, 0, 648, 121, 157, 90.6439922628
302, 0, 659, 113, 155, 89.4892917244
303, 0, 677, 117, 145, 83.7157890325
304, 0, 684, 108, 143, 82.5610884941
305, 0, 688, 89, 143, 82.5610884941
306, 0, 686, 71, 144, 83.1384387633
307, 0, 694, 59, 139, 80.2516874174
308, 0, 712, 51, 129, 74.4781847255
309, 0, 707, 47, 131, 75.6328852638
310, 0, 688, 47, 140, 80.8290376865
311, 0, 669, 47, 150, 86.6025403784
312, 0, 650, 47, 159, 91.7986928012
313, 0, 631, 47, 165, 95.2627944163
314, 0, 612, 47, 169, 97.572195493
315, 0, 593, 47, 170, 98.1495457622
316, 0, 574, 47, 167, 96.4174949547
317, 0, 555, 47, 162, 93.5307436087
318, 0, 536, 51, 155, 89.4892917244
319, 0, 517, 53, 158, 91.221342532
320, 0, 498, 57, 165, 95.2627944163
321, 0, 479, 59, 168, 96.9948452239
322, 0, 460, 59, 168, 96.9948452239
323, 0, 441, 59, 165, 95.2627944163
324, 0, 422, 59, 159, 91.7986928012
325, 0, 403, 59, 151, 87.1798906476
326, 0, 384, 59, 142, 81.9837382249
327, 0, 365, 54, 131, 75.6328852638
328, 0, 346, 51, 122, 70.4367328411
329, 0, 327, 51, 122, 70.4367328411
330, 0, 308, 46, 125, 72.1687836487
331, 0, 289, 43, 128, 73.9008344563
332, 0, 270, 43, 131, 75.6328852638
333, 0, 250, 43, 133, 76.7875858022
334, 0, 231, 43, 133, 76.7875858022
335, 0, 212, 43, 131, 75.6328852638
336, 0, 193, 43, 127, 73.3234841871
337, 0, 174, 43, 123, 71.0140831103
338, 0, 155, 43, 118, 68.1273317644
339, 0, 136, 43, 113, 65.2405804184
340, 0, 117, 43, 109, 62.9311793417
341, 0, 98, 43, 105, 60.6217782649
342, 0, 79, 43, 103, 59.4670777265
343, 0, 60, 43, 101, 58.3123771882
344, 0, 41, 43, 100, 57.735026919
345, 0, 29, 53, 100, 57.735026919
346, 0, 26, 71, 100, 57.735026919
347, 0, 26, 90, 101, 58.3123771882
348, 0, 26, 109, 101, 58.3123771882
349, 0, 26, 128, 101, 58.3123771882
350, 0, 26, 147, 102, 58.8897274573
351, 0, 30, 165, 102, 58.8897274573
352, 0, 37, 183, 103, 59.4670777265
353, 0, 39, 201, 103, 59.4670777265
354, 0, 39, 220, 102, 58.8897274573
355, 0, 39, 239, 103, 59.4670777265
356, 0, 39, 258, 106, 61.1991285341
357, 0, 39, 277, 110, 63.5085296109
358, 0, 39, 296, 117, 67.5499814952
359, 0, 39, 315, 125, 72.1687836487
360, 0, 39, 334, 135, 77.9422863406
361, 0, 39, 353, 145, 83.7157890325
362, 0, 39, 372, 154, 88.9119414552
363, 0, 39, 391, 162, 93.5307436087
364, 0, 39, 410, 167, 96.4174949547
365, 0, 39, 429, 170, 98.1495457622
366, 0, 39, 448, 169, 97.572195493
367, 0, 39, 467, 166, 95.8401446855
368, 0, 49, 478, 159, 91.7986928012
369, 0, 60, 491, 151, 87.1798906476
370, 0, 62, 509, 142, 81.9837382249
371, 0, 72, 520, 134, 77.3649360714
372, 0, 74, 511, 137, 79.096986879
373, 0, 82, 503, 137, 79.096986879
374, 0, 101, 503, 129, 74.4781847255
375, 0, 117, 510, 121, 69.8593825719
376, 0, 134, 515, 114, 65.8179306876
377, 0, 145, 525, 109, 62.9311793417
378, 0, 147, 543, 106, 61.1991285341
379, 0, 157, 554, 104, 60.0444279957
380, 0, 175, 561, 101, 58.3123771882
381, 0, 193, 559, 101, 58.3123771882
382, 0, 208, 547, 100, 57.735026919
383, 0, 217, 530, 100, 57.735026919
384, 0, 227, 514, 100, 57.735026919
385, 0, 240, 500, 102, 58.8897274573
386, 0, 256, 489, 104, 60.0444279957
387, 0, 274, 485, 106, 61.1991285341
388, 0, 293, 485, 108, 62.3538290725
389, 0, 312, 485, 110, 63.5085296109
390, 0, 331, 485, 112, 64.6632301492
391, 0, 350, 485, 114, 65.8179306876
392, 0, 369, 485, 122, 70.4367328411
393, 0, 388, 485, 132, 76.210235533
394, 0, 407, 485, 142, 81.9837382249
395, 0, 414, 496, 147, 84.8704895709
396, 0, 409, 514, 144, 83.1384387633
397, 0, 397, 529, 136, 78.5196366098
398, 0, 380, 538, 126, 72.7461339179
399, 0, 362, 545, 117, 67.5499814952
400, 0, 344, 543, 111, 64.08587988
401, 0, 326, 544, 106, 61.1991285341
402, 0, 308, 551, 103, 59.4670777265
403, 0, 290, 558, 101, 58.3123771882
404, 0, 271, 560, 100, 57.735026919
405, 0, 251, 560, 100, 57.735026919
406, 0, 232, 560, 100, 57.735026919
407, 0, 213, 560, 100, 57.735026919
408, 0, 194, 560, 101, 58.3123771882
409, 0, 175, 560, 102, 58.8897274573
410, 0, 159, 552, 104, 60.0444279957
411, 0, 145, 539, 107, 61.7764788033
412, 0, 131, 542, 110, 63.5085296109
413, 0, 114, 551, 111, 64.08587988
414, 0, 96, 558, 113, 65.2405804184
415, 0, 77, 560, 117, 67.5499814952
416, 0, 58, 560, 120, 69.2820323028
417, 0, 45, 549, 127, 73.3234841871
418, 0, 41, 530, 138, 79.6743371482
419, 0, 41, 511, 147, 84.8704895709
420, 0, 41, 492, 156, 90.0666419936
421, 0, 41, 473, 163, 94.1080938779
422, 0, 41, 454, 168, 96.9948452239
423, 0, 51, 441, 166, 95.8401446855
424, 0, 69, 433, 158, 91.221342532
425, 0, 87, 425, 149, 86.0251901093
426, 0, 102, 413, 139, 80.2516874174
427, 0, 111, 396, 132, 76.210235533
428, 0, 121, 380, 124, 71.5914333795
429, 0, 126, 363, 118, 68.1273317644
430, 0, 136, 350, 112, 64.6632301492
431, 0, 138, 336, 109, 62.9311793417
432, 0, 142, 320, 106, 61.1991285341
433, 0, 158, 309, 111, 64.08587988
434, 0, 176, 305, 115, 66.3952809568
435, 0, 192, 312, 114, 65.8179306876
436, 0, 208, 312, 116, 66.972631226
437, 0, 219, 319, 115, 66.3952809568
438, 0, 226, 337, 118, 68.1273317644
439, 0, 228, 355, 118, 68.1273317644
440, 0, 228, 374, 116, 66.972631226
441, 0, 223, 392, 112, 64.6632301492
442, 0, 216, 410, 108, 62.3538290725
443, 0, 209, 428, 105, 60.6217782649
444, 0, 202, 446, 103, 59.4670777265
445, 0, 207, 461, 102, 58.8897274573
446, 0, 223, 470, 103, 59.4670777265
447, 0, 241, 472, 104, 60.0444279957
448, 0, 256, 463, 108, 62.3538290725
449, 0, 269, 449, 114, 65.8179306876
450, 0, 282, 435, 121, 69.8593825719
451, 0, 295, 421, 131, 75.6328852638
452, 0, 308, 407, 141, 81.4063879557
453, 0, 324, 396, 151, 87.1798906476
454, 0, 342, 388, 159, 91.7986928012
455, 0, 360, 380, 165, 95.2627944163
456, 0, 378, 376, 166, 95.8401446855
457, 0, 397, 376, 163, 94.1080938779
458, 0, 416, 376, 156, 90.0666419936
459, 0, 427, 365, 155, 89.4892917244
460, 0, 440, 353, 151, 87.1798906476
461, 0, 447, 338, 148, 85.4478398401
462, 0, 458, 330, 142, 81.9837382249
463, 0, 477, 330, 132, 76.210235533
464, 0, 473, 330, 134, 77.3649360714
465, 0, 465, 318, 138, 79.6743371482
466, 0, 460, 299, 138, 79.6743371482
467, 0, 448, 284, 141, 81.4063879557
468, 0, 431, 274, 145, 83.7157890325
469, 0, 413, 267, 149, 86.0251901093
470, 0, 394, 264, 152, 87.7572409168
471, 0, 375, 264, 155, 89.4892917244
472, 0, 356, 264, 155, 89.4892917244
473, 0, 337, 259, 149, 86.0251901093
474, 0, 319, 252, 142, 81.9837382249
475, 0, 303, 241, 138, 79.6743371482
476, 0, 297, 224, 147, 84.8704895709
477, 0, 286, 212, 156, 90.0666419936
478, 0, 267, 209, 163, 94.1080938779
479, 0, 248, 204, 168, 96.9948452239
480, 0, 229, 201, 170, 98.1495457622
481, 0, 210, 201, 168, 96.9948452239
482, 0, 191, 201, 162, 93.5307436087
483, 0, 179, 190, 160, 92.3760430703
484, 0, 167, 175, 156, 90.0666419936
485, 0, 153, 178, 148, 85.4478398401
486, 0, 139, 175, 141, 81.4063879557
487, 0, 125, 178, 133, 76.7875858022
488, 0, 108, 183, 124, 71.5914333795
489, 0, 89, 183, 116, 66.972631226
490, 0, 70, 183, 109, 62.9311793417
491, 0, 54, 191, 105, 60.6217782649
492, 0, 44, 207, 103, 59.4670777265
493, 0, 37, 225, 102, 58.8897274573
494, 0, 38, 243, 103, 59.4670777265
495, 0, 49, 258, 105, 60.6217782649
496, 0, 50, 274, 109, 62.9311793417
497, 0, 43, 292, 115, 66.3952809568
498, 0, 40, 310, 123, 71.0140831103
499, 0, 40, 329, 132, 76.210235533
500, 0, 40, 348, 142, 81.9837382249
501, 0, 40, 367, 151, 87.1798906476
502, 0, 40, 386, 160, 92.3760430703
503, 0, 40, 405, 166, 95.8401446855
504, 0, 40, 424, 169, 97.572195493
505, 0, 40, 443, 170, 98.1495457622
506, 0, 40, 462, 167, 96.4174949547
507, 0, 40, 481, 161, 92.9533933395
508, 0, 40, 477, 162, 93.5307436087
509, 0, 40, 458, 168, 96.9948452239
510, 0, 51, 450, 165, 95.2627944163
511, 0, 70, 450, 157, 90.6439922628
512, 0, 88, 454, 147, 84.8704895709
513, 0, 103, 448, 140, 80.8290376865
514, 0, 116, 434, 133, 76.7875858022
515, 0, 125, 417, 128, 73.9008344563
516, 0, 132, 399, 122, 70.4367328411
517, 0, 134, 380, 119, 68.7046820336
518, 0, 138, 361, 114, 65.8179306876
519, 0, 140, 342, 110, 63.5085296109
520, 0, 135, 323, 108, 62.3538290725
521, 0, 131, 304, 108, 62.3538290725
522, 0, 141, 291, 113, 65.2405804184
523, 0, 159, 287, 118, 68.1273317644
524, 0, 177, 291, 120, 69.2820323028
525, 0, 192, 301, 119, 68.7046820336
526, 0, 206, 314, 115, 66.3952809568
527, 0, 215, 330, 114, 65.8179306876
528, 0, 222, 348, 116, 66.972631226
529, 0, 229, 366, 118, 68.1273317644
530, 0, 231, 384, 116, 66.972631226
531, 0, 242, 391, 119, 68.7046820336
532, 0, 249, 402, 120, 69.2820323028
533, 0, 244, 420, 114, 65.8179306876
534, 0, 232, 435, 108, 62.3538290725
535, 0, 222, 451, 104, 60.0444279957
536, 0, 215, 469, 102, 58.8897274573
537, 0, 216, 487, 101, 58.3123771882
538, 0, 223, 505, 101, 58.3123771882
539, 0, 234, 520, 100, 57.735026919
540, 0, 250, 529, 100, 57.735026919
541, 0, 268, 531, 101, 58.3123771882
542, 0, 287, 531, 101, 58.3123771882
543, 0, 305, 526, 103, 59.4670777265
544, 0, 323, 518, 106, 61.1991285341
545, 0, 341, 509, 112, 64.6632301492
546, 0, 359, 505, 118, 68.1273317644
547, 0, 378, 505, 127, 73.3234841871
548, 0, 397, 505, 138, 79.6743371482
549, 0, 416, 505, 148, 85.4478398401
550, 0, 434, 509, 157, 90.6439922628
551, 0, 449, 519, 163, 94.1080938779
552, 0, 465, 528, 167, 96.4174949547
553, 0, 483, 535, 169, 97.572195493
554, 0, 498, 529, 172, 99.3042463006
555, 0, 507, 512, 174, 100.458946839
556, 0, 520, 509, 173, 99.8815965698
557, 0, 531, 501, 170, 98.1495457622
558, 0, 544, 498, 165, 95.2627944163
559, 0, 551, 489, 162, 93.5307436087
560, 0, 562, 481, 155, 89.4892917244
561, 0, 577, 472, 146, 84.2931393017
562, 0, 582, 455, 140, 80.8290376865
563, 0, 593, 447, 132, 76.210235533
564, 0, 589, 447, 134, 77.3649360714
565, 0, 576, 436, 136, 78.5196366098
566, 0, 572, 417, 130, 75.0555349947
567, 0, 576, 398, 122, 70.4367328411
568, 0, 578, 379, 115, 66.3952809568
569, 0, 588, 366, 109, 62.9311793417
570, 0, 595, 351, 112, 64.6632301492
571, 0, 606, 343, 117, 67.5499814952
572, 0, 624, 347, 123, 71.0140831103
573, 0, 642, 354, 128, 73.9008344563
574, 0, 657, 364, 129, 74.4781847255
575, 0, 671, 377, 127, 73.3234841871
576, 0, 680, 393, 122, 70.4367328411
577, 0, 682, 411, 115, 66.3952809568
578, 0, 686, 429, 118, 68.1273317644
579, 0, 697, 444, 124, 71.5914333795
580, 0, 711, 457, 128, 73.9008344563
581, 0, 727, 466, 130, 75.0555349947
582, 0, 745, 468, 126, 72.7461339179
583, 0, 763, 463, 119, 68.7046820336
584, 0, 781, 464, 114, 65.8179306876
585, 0, 796, 458, 109, 62.9311793417
586, 0, 805, 441, 113, 65.2405804184
587, 0, 818, 429, 120, 69.2820323028
588, 0, 836, 421, 129, 74.4781847255
589, 0, 851, 409, 139, 80.2516874174
590, 0, 864, 395, 148, 85.4478398401
591, 0, 877, 381, 156, 90.0666419936
592, 0, 886, 364, 160, 92.3760430703
593, 0, 893, 346, 159, 91.7986928012
594, 0, 895, 327, 156, 90.0666419936
595, 0, 895, 308, 153, 88.334591186
596, 0, 895, 289, 148, 85.4478398401
597, 0, 895, 270, 141, 81.4063879557
598, 0, 902, 253, 138, 79.6743371482
599, 0, 902, 236, 139, 80.2516874174
600, 0, 890, 221, 145, 83.7157890325
601, 0, 876, 208, 150, 86.6025403784
602, 0, 862, 195, 154, 88.9119414552
603, 0, 848, 182, 155, 89.4892917244
604, 0, 831, 172, 155, 89.4892917244
605, 0, 823, 157, 149, 86.0251901093
606, 0, 827, 138, 139, 80.2516874174
607, 0, 840, 126, 130, 75.0555349947
608, 0, 836, 127, 132, 76.210235533
609, 0, 824, 119, 129, 74.4781847255
610, 0, 816, 101, 121, 69.8593825719
611, 0, 813, 82, 113, 65.2405804184
612, 0, 813, 63, 107, 61.7764788033
613, 0, 802, 51, 105, 60.6217782649
614, 0, 783, 48, 104, 60.0444279957
615, 0, 764, 43, 108, 62.3538290725
616, 0, 748, 48, 113, 65.2405804184
617, 0, 734, 62, 119, 68.7046820336
618, 0, 724, 78, 124, 71.5914333795
619, 0, 717, 96, 127, 73.3234841871
620, 0, 710, 114, 129, 74.4781847255
621, 0, 707, 132, 127, 73.3234841871
622, 0, 707, 151, 126, 72.7461339179
623, 0, 707, 170, 136, 78.5196366098
624, 0, 707, 189, 147, 84.8704895709
625, 0, 711, 207, 156, 90.0666419936
626, 0, 718, 225, 165, 95.2627944163
627, 0, 729, 240, 170, 98.1495457622
628, 0, 738, 256, 173, 99.8815965698
629, 0, 745, 274, 174, 100.458946839
630, 0, 752, 292, 170, 98.1495457622
631, 0, 746, 307, 168, 96.9948452239
632, 0, 729, 316, 166, 95.8401446855
633, 0, 711, 314, 165, 95.2627944163
634, 0, 693, 307, 164, 94.6854441471
635, 0, 675, 300, 159, 91.7986928012
636, 0, 657, 293, 152, 87.7572409168
637, 0, 639, 286, 143, 82.5610884941
638, 0, 627, 272, 138, 79.6743371482
639, 0, 615, 257, 144, 83.1384387633
640, 0, 598, 247, 155, 89.4892917244
641, 0, 582, 236, 164, 94.6854441471
642, 0, 568, 223, 170, 98.1495457622
643, 0, 554, 210, 174, 100.458946839
644, 0, 540, 197, 175, 101.036297108
645, 0, 542, 183, 173, 99.8815965698
646, 0, 536, 173, 171, 98.7268960314
647, 0, 518, 166, 166, 95.8401446855
648, 0, 506, 152, 158, 91.221342532
649, 0, 503, 133, 164, 94.6854441471
650, 0, 491, 125, 169, 97.572195493
651, 0, 472, 125, 171, 98.7268960314
652, 0, 453, 125, 170, 98.1495457622
653, 0, 434, 125, 165, 95.2627944163
654, 0, 421, 114, 163, 94.1080938779
655, 0, 417, 95, 163, 94.1080938779
656, 0, 405, 87, 157, 90.6439922628
657, 0, 386, 87, 147, 84.8704895709
658, 0, 367, 87, 136, 78.5196366098
659, 0, 367, 94, 136, 78.5196366098
660, 0, 364, 107, 134, 77.3649360714
661, 0, 347, 116, 133, 76.7875858022
662, 0, 329, 114, 142, 81.9837382249
663, 0, 313, 103, 147, 84.8704895709
664, 0, 302, 87, 145, 83.7157890325
665, 0, 294, 69, 140, 80.8290376865
666, 0, 280, 57, 137, 79.096986879
667, 0, 262, 50, 136, 78.5196366098
668, 0, 243, 47, 135, 77.9422863406
669, 0, 224, 47, 134, 77.3649360714
670, 0, 205, 47, 132, 76.210235533
671, 0, 186, 47, 127, 73.3234841871
672, 0, 167, 51, 124, 71.5914333795
673, 0, 148, 53, 119, 68.7046820336
674, 0, 129, 48, 112, 64.6632301492
675, 0, 111, 41, 107, 61.7764788033
676, 0, 92, 38, 104, 60.0444279957
677, 0, 73, 38, 102, 58.8897274573
678, 0, 57, 46, 101, 58.3123771882
679, 0, 51, 63, 101, 58.3123771882
680, 0, 46, 81, 102, 58.8897274573
681, 0, 39, 99, 102, 58.8897274573
682, 0, 44, 114, 103, 59.4670777265
683, 0, 45, 130, 103, 59.4670777265
684, 0, 53, 141, 105, 60.6217782649
685, 0, 71, 143, 109, 62.9311793417
686, 0, 89, 147, 115, 66.3952809568
687, 0, 107, 149, 123, 71.0140831103
688, 0, 126, 149, 133, 76.7875858022
689, 0, 144, 153, 143, 82.5610884941
690, 0, 162, 155, 153, 88.334591186
691, 0, 178, 162, 161, 92.9533933395
692, 0, 192, 175, 167, 96.4174949547
693, 0, 206, 188, 170, 98.1495457622
694, 0, 222, 197, 171, 98.7268960314
695, 0, 240, 204, 169, 97.572195493
696, 0, 258, 211, 164, 94.6854441471
697, 0, 269, 224, 157, 90.6439922628
698, 0, 283, 231, 150, 86.6025403784
699, 0, 294, 241, 142, 81.9837382249
700, 0, 308, 248, 136, 78.5196366098
701, 0, 327, 248, 142, 81.9837382249
702, 0, 345, 252, 147, 84.8704895709
703, 0, 363, 259, 152, 87.7572409168
704, 0, 381, 266, 155, 89.4892917244
705, 0, 388, 280, 161, 92.9533933395
706, 0, 383, 298, 168, 96.9948452239
707, 0, 371, 313, 173, 99.8815965698
708, 0, 365, 330, 175, 101.036297108
709, 0, 365, 349, 174, 100.458946839
710, 0, 356, 365, 170, 98.1495457622
711, 0, 339, 370, 166, 95.8401446855
712, 0, 320, 374, 159, 91.7986928012
713, 0, 301, 376, 150, 86.6025403784
714, 0, 282, 371, 142, 81.9837382249
715, 0, 264, 372, 133, 76.7875858022
716, 0, 246, 370, 125, 72.1687836487
717, 0, 228, 363, 117, 67.5499814952
718, 0, 209, 360, 111, 64.08587988
719, 0, 190, 364, 106, 61.1991285341
720, 0, 178, 356, 104, 60.0444279957
721, 0, 164, 344, 105, 60.6217782649
722, 0, 146, 345, 109, 62.9311793417
723, 0, 130, 356, 115, 66.3952809568
724, 0, 113, 361, 123, 71.0140831103
725, 0, 94, 356, 129, 74.4781847255
726, 0, 78, 345, 130, 75.0555349947
727, 0, 67, 329, 126, 72.7461339179
728, 0, 59, 311, 120, 69.2820323028
729, 0, 66, 299, 115, 66.3952809568
730, 0, 73, 284, 109, 62.9311793417
731, 0, 77, 265, 105, 60.6217782649
732, 0, 71, 250, 105, 60.6217782649
733, 0, 54, 240, 103, 59.4670777265
734, 0, 42, 226, 102, 58.8897274573
735, 0, 38, 207, 102, 58.8897274573
736, 0, 38, 188, 103, 59.4670777265
737, 0, 38, 169, 103, 59.4670777265
738, 0, 38, 150, 103, 59.4670777265
739, 0, 38, 131, 102, 58.8897274573
740, 0, 38, 112, 102, 58.8897274573
741, 0, 38, 93, 101, 58.3123771882
742, 0, 38, 74, 101, 58.3123771882
743, 0, 38, 55, 100, 57.735026919
744, 0, 45, 39, 100, 57.735026919
745, 0, 61, 33, 101, 58.3123771882
746, 0, 80, 33, 102, 58.8897274573
747, 0, 99, 33, 104, 60.0444279957
748, 0, 118, 33, 107, 61.7764788033
749, 0, 137, 33, 111, 64.08587988
750, 0, 156, 33, 115, 66.3952809568
751, 0, 175, 33, 119, 68.7046820336
752, 0, 194, 33, 123, 71.0140831103
753, 0, 213, 33, 126, 72.7461339179
754, 0, 232, 33, 128, 73.9008344563
755, 0, 251, 33, 128, 73.9008344563
756, 0, 270, 33, 126, 72.7461339179
757, 0, 289, 33, 124, 71.5914333795
758, 0, 308, 33, 120, 69.2820323028
759, 0, 327, 33, 116, 66.972631226
760, 0, 346, 33, 118, 68.1273317644
761, 0, 365, 33, 126, 72.7461339179
762, 0, 384, 33, 134, 77.3649360714
763, 0, 403, 33, 143, 82.5610884941
764, 0, 422, 33, 150, 86.6025403784
765, 0, 441, 33, 155, 89.4892917244
766, 0, 459, 37, 159, 91.7986928012
767, 0, 477, 39, 161, 92.9533933395
768, 0, 496, 39, 158, 91.221342532
769, 0, 515, 39, 153, 88.334591186
770, 0, 534, 39, 151, 87.1798906476
771, 0, 553, 39, 159, 91.7986928012
772, 0, 572, 39, 164, 94.6854441471
773, 0, 591, 39, 167, 96.4174949547
774, 0, 610, 39, 167, 96.4174949547
775, 0, 629, 39, 163, 94.1080938779
776, 0, 640, 49, 163, 94.1080938779
777, 0, 654, 56, 159, 91.7986928012
778, 0, 673, 56, 150, 86.6025403784
779, 0, 692, 56, 140, 80.8290376865
780, 0, 688, 51, 141, 81.4063879557
781, 0, 669, 48, 150, 86.6025403784
782, 0, 650, 48, 159, 91.7986928012
783, 0, 631, 48, 165, 95.2627944163
784, 0, 619, 58, 171, 98.7268960314
785, 0, 616, 76, 173, 99.8815965698
786, 0, 620, 94, 172, 99.3042463006
787, 0, 627, 112, 167, 96.4174949547
788, 0, 638, 127, 159, 91.7986928012
789, 0, 647, 143, 149, 86.0251901093
790, 0, 660, 154, 140, 80.8290376865
791, 0, 667, 168, 132, 76.210235533
792, 0, 678, 175, 134, 77.3649360714
793, 0, 697, 175, 138, 79.6743371482
794, 0, 715, 170, 137, 79.096986879
795, 0, 733, 162, 138, 79.6743371482
796, 0, 751, 158, 142, 81.9837382249
797, 0, 770, 158, 148, 85.4478398401
798, 0, 788, 162, 153, 88.334591186
799, 0, 806, 169, 157, 90.6439922628
800, 0, 821, 179, 160, 92.3760430703
801, 0, 835, 192, 163, 94.1080938779
802, 0, 849, 205, 162, 93.5307436087
803, 0, 858, 221, 161, 92.9533933395
804, 0, 865, 239, 158, 91.221342532
805, 0, 872, 257, 153, 88.334591186
806, 0, 874, 275, 148, 85.4478398401
807, 0, 874, 294, 142, 81.9837382249
808, 0, 878, 312, 145, 83.7157890325
809, 0, 876, 330, 148, 85.4478398401
810, 0, 869, 348, 149, 86.0251901093
811, 0, 862, 366, 148, 85.4478398401
812, 0, 850, 381, 141, 81.4063879557
813, 0, 833, 382, 132, 76.210235533
814, 0, 814, 379, 122, 70.4367328411
815, 0, 817, 379, 124, 71.5914333795
816, 0, 836, 379, 134, 77.3649360714
817, 0, 847, 368, 139, 80.2516874174
818, 0, 845, 350, 137, 79.096986879
819, 0, 831, 338, 134, 77.3649360714
820, 0, 813, 331, 139, 80.2516874174
821, 0, 794, 328, 145, 83.7157890325
822, 0, 775, 332, 151, 87.1798906476
823, 0, 759, 343, 150, 86.6025403784
824, 0, 749, 359, 143, 82.5610884941
825, 0, 737, 374, 136, 78.5196366098
826, 0, 720, 379, 134, 77.3649360714
827, 0, 704, 387, 128, 73.9008344563
828, 0, 687, 396, 122, 70.4367328411
829, 0, 669, 394, 120, 69.2820323028
830, 0, 651, 395, 116, 66.972631226
831, 0, 632, 397, 111, 64.08587988
832, 0, 616, 405, 113, 65.2405804184
833, 0, 606, 421, 120, 69.2820323028
834, 0, 603, 439, 126, 72.7461339179
835, 0, 603, 458, 130, 75.0555349947
836, 0, 607, 476, 131, 75.6328852638
837, 0, 618, 491, 140, 80.8290376865
838, 0, 627, 507, 150, 86.6025403784
839, 0, 638, 522, 160, 92.3760430703
840, 0, 654, 531, 167, 96.4174949547
841, 0, 672, 538, 170, 98.1495457622
842, 0, 690, 540, 170, 98.1495457622
843, 0, 709, 540, 166, 95.8401446855
844, 0, 728, 540, 159, 91.7986928012
845, 0, 747, 540, 150, 86.6025403784
846, 0, 766, 540, 140, 80.8290376865
847, 0, 785, 540, 130, 75.0555349947
848, 0, 792, 528, 125, 72.1687836487
849, 0, 802, 515, 118, 68.1273317644
850, 0, 820, 516, 112, 64.6632301492
851, 0, 831, 507, 108, 62.3538290725
852, 0, 845, 499, 112, 64.6632301492
853, 0, 863, 503, 114, 65.8179306876
854, 0, 874, 516, 112, 64.6632301492
855, 0, 885, 531, 109, 62.9311793417
856, 0, 890, 547, 106, 61.1991285341
857, 0, 900, 558, 104, 60.0444279957
858, 0, 918, 560, 105, 60.6217782649
859, 0, 937, 560, 105, 60.6217782649
860, 0, 955, 555, 106, 61.1991285341
861, 0, 966, 541, 109, 62.9311793417
862, 0, 968, 522, 115, 66.3952809568
863, 0, 968, 503, 123, 71.0140831103
864, 0, 968, 484, 133, 76.7875858022
865, 0, 968, 465, 143, 82.5610884941
866, 0, 968, 446, 153, 88.334591186
867, 0, 968, 427, 161, 92.9533933395
868, 0, 963, 408, 169, 97.572195493
869, 0, 960, 389, 173, 99.8815965698
870, 0, 960, 370, 174, 100.458946839
871, 0, 960, 351, 174, 100.458946839
872, 0, 960, 332, 175, 101.036297108
873, 0, 960, 313, 172, 99.3042463006
874, 0, 960, 294, 167, 96.4174949547
875, 0, 960, 275, 159, 91.7986928012
876, 0, 949, 263, 152, 87.7572409168
877, 0, 941, 248, 143, 82.5610884941
878, 0, 945, 229, 133, 76.7875858022
879, 0, 947, 210, 124, 71.5914333795
880, 0, 951, 213, 126, 72.7461339179
881, 0, 953, 231, 135, 77.9422863406
882, 0, 953, 250, 146, 84.2931393017
883, 0, 953, 269, 156, 90.0666419936
884, 0, 942, 280, 160, 92.3760430703
885, 0, 923, 282, 156, 90.0666419936
886, 0, 904, 282, 150, 86.6025403784
887, 0, 885, 277, 142, 81.9837382249
888, 0, 869, 266, 153, 88.334591186
889, 0, 855, 253, 161, 92.9533933395
890, 0, 838, 243, 169, 97.572195493
891, 0, 819, 240, 174, 100.458946839
892, 0, 800, 240, 175, 101.036297108
893, 0, 781, 240, 173, 99.8815965698
894, 0, 762, 240, 167, 96.4174949547
895, 0, 743, 244, 171, 98.7268960314
896, 0, 725, 251, 173, 99.8815965698
897, 0, 707, 258, 172, 99.3042463006
898, 0, 688, 260, 167, 96.4174949547
899, 0, 669, 264, 160, 92.3760430703
900, 0, 650, 266, 150, 86.6025403784
901, 0, 653, 266, 152, 87.7572409168
902, 0, 672, 266, 161, 92.9533933395
903, 0, 679, 277, 164, 94.6854441471
904, 0, 683, 295, 163, 94.1080938779
905, 0, 690, 313, 161, 92.9533933395
906, 0, 701, 328, 158, 91.221342532
907, 0, 706, 344, 151, 87.1798906476
908, 0, 716, 355, 146, 84.2931393017
909, 0, 731, 365, 141, 81.4063879557
910, 0, 748, 370, 138, 79.6743371482
911, 0, 755, 381, 131, 75.6328852638
912, 0, 765, 392, 124, 71.5914333795
913, 0, 783, 394, 120, 69.2820323028
914, 0, 802, 394, 117, 67.5499814952
915, 0, 818, 401, 123, 71.0140831103
916, 0, 823, 417, 124, 71.5914333795
917, 0, 818, 435, 119, 68.7046820336
918, 0, 806, 450, 112, 64.6632301492
919, 0, 800, 467, 110, 63.5085296109
920, 0, 789, 478, 115, 66.3952809568
921, 0, 770, 480, 122, 70.4367328411
922, 0, 751, 480, 129, 74.4781847255
923, 0, 732, 480, 135, 77.9422863406
924, 0, 713, 480, 140, 80.8290376865
925, 0, 694, 475, 140, 80.8290376865
926, 0, 676, 468, 137, 79.096986879
927, 0, 658, 461, 133, 76.7875858022
928, 0, 642, 450, 126, 72.7461339179
929, 0, 625, 444, 120, 69.2820323028
930, 0, 612, 433, 120, 69.2820323028
931, 0, 604, 415, 119, 68.7046820336
932, 0, 590, 403, 119, 68.7046820336
933, 0, 571, 400, 124, 71.5914333795
934, 0, 552, 395, 127, 73.3234841871
935, 0, 534, 388, 127, 73.3234841871
936, 0, 522, 374, 121, 69.8593825719
937, 0, 518, 355, 114, 65.8179306876
938, 0, 506, 347, 118, 68.1273317644
939, 0, 498, 335, 122, 70.4367328411
940, 0, 502, 316, 125, 72.1687836487
941, 0, 509, 298, 135, 77.9422863406
942, 0, 516, 280, 146, 84.2931393017
943, 0, 518, 261, 156, 90.0666419936
944, 0, 518, 242, 163, 94.1080938779
945, 0, 513, 223, 167, 96.4174949547
946, 0, 501, 208, 165, 95.2627944163
947, 0, 484, 198, 158, 91.221342532
948, 0, 466, 191, 148, 85.4478398401
949, 0, 447, 188, 141, 81.4063879557
950, 0, 431, 180, 142, 81.9837382249
951, 0, 414, 170, 142, 81.9837382249
952, 0, 396, 163, 138, 79.6743371482
953, 0, 378, 156, 133, 76.7875858022
954, 0, 360, 149, 129, 74.4781847255
955, 0, 342, 142, 139, 80.2516874174
956, 0, 323, 139, 149, 86.0251901093
957, 0, 304, 139, 159, 91.7986928012
958, 0, 285, 139, 167, 96.4174949547
959, 0, 266, 139, 172, 99.3042463006
960, 0, 246, 139, 174, 100.458946839
961, 0, 227, 139, 173, 99.8815965698
962, 0, 211, 147, 170, 98.1495457622
963, 0, 194, 152, 166, 95.8401446855
964, 0, 175, 152, 159, 91.7986928012
965, 0, 159, 144, 150, 86.6025403784
966, 0, 149, 128, 141, 81.4063879557
967, 0, 137, 113, 132, 76.210235533
968, 0, 131, 96, 124, 71.5914333795
969, 0, 131, 77, 120, 69.2820323028
970, 0, 122, 61, 113, 65.2405804184
971, 0, 108, 48, 108, 62.3538290725
972, 0, 91, 42, 104, 60.0444279957
973, 0, 72, 46, 102, 58.8897274573
974, 0, 56, 57, 101, 58.3123771882
975, 0, 42, 71, 101, 58.3123771882
976, 0, 32, 87, 101, 58.3123771882
977, 0, 29, 105, 101, 58.3123771882
978, 0, 29, 124, 102, 58.8897274573
979, 0, 29, 143, 102, 58.8897274573
980, 0, 29, 162, 102, 58.8897274573
981, 0, 29, 181, 102, 58.8897274573
982, 0, 29, 200, 102, 58.8897274573
983, 0, 29, 219, 101, 58.3123771882
984, 0, 29, 238, 103, 59.4670777265
985, 0, 29, 257, 106, 61.1991285341
986, 0, 29, 276, 110, 63.5085296109
987, 0, 29, 295, 117, 67.5499814952
988, 0, 29, 314, 126, 72.7461339179
989, 0, 29, 333, 136, 78.5196366098
990, 0, 29, 352, 146, 84.2931393017
991, 0, 33, 370, 154, 88.9119414552
992, 0, 35, 388, 162, 93.5307436087
993, 0, 35, 407, 168, 96.9948452239
994, 0, 35, 426, 171, 98.7268960314
995, 0, 35, 445, 171, 98.7268960314
996, 0, 35, 464, 168, 96.9948452239
997, 0, 35, 483, 161, 92.9533933395
998, 0, 39, 501, 153, 88.334591186
999, 0, 53, 508, 146, 84.2931393017
